6266607931287943817 6417358639400887299 8609480560866726671
1718409461344624278 7867330490827606831 6693124008213583103
3063763586284747037 5091089386591265632 2749605462713642176
3182407981142241729 1914029630707712736 6951692909020648013
801993630606761777 1544234247322882817 8714213394926037345
4934126668419057636 5159793257905344033 7499695016703468501
2130440078410289248 1487087754307513188 5380859580578825769 8780797775363136091 4413984086339585535 1346936003923366680
6322194262528577479 9044134101380358681 2034327942760756714 2832160467776509968 828293406950794615 5552181927299007946
7338587868984973235 3293920079982792577 8644331787132281911 3606841915829394252 9129790705903350215 1241574803217033531
1181453400322999766 5107815816784004856 6023293280343101635 5834279869916795125 9032210873925379852 3567163090751670340
13636609740172434226 10982794184254373806 14521260911838586533 11087431005406922103 18287938250176085165 14405165553439773569
4126827403048885126 7646850886118712656 11426707871679123735 12252700495872437685 12944335968293088588 17263576952553289872
3939764425910659458 10135487958489870216 18189914912190001696 17349970307270803552 16162533025164757772 3510975036434221252
7771350566135282058 2172620633997709576 9958942921090471488 11977000102319264689 3792517293041301388 8657336961815440532
