4284187758165850112 17172084654092787712 3824915971356997632
16112227613176563712 11584700388024451072 1349444819442128896
7741083169140576256 571732014025396224 5054618629303851008
14605285690467772416 2139659763728246784 4245576405836908544
1881525977193310208 8754385474426720256 8666158109530828800
7065877834264195072 431842931888508928 12586558141955872768
15373802581382365184 5665802211902267392 17472966183939436544 9778180141300957184 8612904940806770688 5978575564752760832
1525696490968510464 7408705887131090944 10561881523567755264 828910365538494464 2712300311981860864 18126731385642430464
9385325461970698240 16546559111355770880 1391400800836059136 13903051476268150784 4836765208960753664 12193740778347902976
7820238338912399360 8475270519802761216 17053310234400356352 917040894180714496 8818715200401674240 1605998225464600576
5672135514909548544 432299380459061248 10284451983325911040 155326696485423104 10081108208032757760 6797741812025520128
4408629840249677824 6035136892674736128 7856325509075359744 16057586061605482496 14283396690321434624 16669563121087156224
11750950956255023104 4143393217279590400 12615276346052515840 5255803157885521920 13743077771939917824 12574490889713186816
10901617956550787072 5189597678826498048 7928461098967099392 1489018897143472128 3944667964246372352 17602801490779805696
