1982420173122093705 7692018059017651203 4784564589509729039
4052925921877612182 14729374176512707375 5343679188771454207
13769424490853722397 4519357372565869408 16141730907119342784
7023866364384020929 18221113940689017568 2706116503183739469
17367211727123003185 11236592846605714177 48055285395208545
16314992907864414180 4727950326016835105 13359880948457147349
5203381570737475680 14268029616114797412 6354637470348940841 17449361707771730523 14247823219242366463 13815104512880157464
4796497771560067015 1635428214249267737 9919190492902553066 2003250102238015504 16562737168678485367 5872194615366129098
16400006480723826611 5194105042336573313 7252930986296222775 8150534513270795084 4293025496942596551 7494578098578682171
11807959135120152022 15079289370690795256 7416727119652296899 4917238975736080629 213495673523705612 1961164865287069764
7964474225262885682 10550494803795312558 4236808928512675493 10932104308921498999 8206830042143327405 7607423741414253441
18164941636508758918 1611713993443976528 3570382362603763991 14641858507976506805 17107683351681205580 594013831466133648
10635557543365187970 5992094741210279816 5574638566137485856 12094167149385281632 2419455253224839948 9383228220430586052
15316476683294046602 15429767028880763144 2030481822123372096 10487981205175792561 18294593402504480652 9501279544745186452
